200
128 130 3 4 8 10 11 140 13 143 17 146 19 151 68 154 155 28 26 197 35 34 163 37 40 118 170 171 172 173 174 47 48 177 178 51 182 183 56 185 186 60 189 63 65 195 196 69 70 72 78 157 184 82 58 54 93 50 101 107 18 61 112 147 25 136 119 120 121 122 91 126 127
128 1 3 132 133 136 9 138 11 8 13 142 143 141 17 147 148 149 150 56 154 28 157 159 32 48 38 177 168 169 199 172 45 46 47 176 49 179 52 181 54 55 184 185 31 60 61 62 53 193 194 71 74 77 78 79 80 81 43 87 89 174 96 187 100 104 161 108 109 110 189 118 123 124 126

64 130 131 5 9 139 142 173 144 21 23 25 179 156 157 160 169 42 171 45 46 47 178 51 54 137 56 60 192 193 194 196 69 72 73 55 76 77 79 81 83 86 87 88 92 93 95 96 98 101 108 113 115 116 120 122 123 125 126
0 1 2 3 6 8 13 15 16 18 19 20 21 23 24 26 27 28 30 33 37 42 43 53 54 57 58 59 61 64 65 67 71 74 77 78 79 83 88 91 93 99 101 103 104 106 108 111 112 115 116 119 120 122 123 124 129 131 136 139 140 142 144 145 146 147 149 152 153 154 155 160 161 165 166 167 170 171 173 174 179 182 183 185 189 190 191 194 196 197 198 199
4 7 8 140 13 144 146 19 152 153 30 31 164 175 179 158 184 185 60 190 63 197 78 85 89 95 102 106 108 18 116 117 119
0 1 2 3 4 6 7 8 10 11 12 15 16 17 19 20 21 22 23 28 29 31 32 34 35 36 37 38 40 41 43 46 47 49 54 59 60 61 62 63 64 66 67 68 75 78 80 82 84 85 86 87 88 89 90 91 93 96 97 99 100 101 102 104 106 107 109 111 112 113 115 117 118 119 122 124 126 127 128 130 131 133 134 135 136 137 139 140 141 142 143 144 145 146 148 149 150 152 153 155 156 158 159 160 161 163 164 165 167 168 169 170 171 172 175 176 178 180 181 182 183 190 191 193 195 196 197 199
2 4 5 6 8 9 10 15 16 17 18 19 20 21 23 25 27 29 30 32 33 34 36 37 40 42 43 44 45 46 47 48 49 51 52 53 57 59 60 61 62 64 67 71 72 75 78 79 81 82 85 87 90 94 97 98 99 101 103 105 107 108 109 112 113 115 117 118 119 120 121 122 123 125 126 127 131 133 134 135 136 139 141 142 143 145 147 149 152 153 154 155 156 157 159 161 162 163 164 165 166 168 173 177 179 183 184 186 187 189 191 192 193 194 195 197 198
2 4 5 7 12 17 23 24 25 27 28 31 37 38 39 40 43 44 47 48 50 51 52 53 54 55 56 57 59 62 63 64 65 69 70 71 72 73 74 76 78 79 80 83 85 87 89 90 91 92 95 100 101 102 103 104 106 107 109 111 112 113 115 116 118 119 120 121 122 124 125 126 131 132 133 134 136 137 138 140 158 160 161 162 164 165 166 167 169 170 171 174 177 178 179 180 181 182 185 188 189 190 193 194 195 196 197 199
0 1 2 4 5 7 12 13 15 16 17 18 20 21 22 23 24 26 27 28 30 32 33 35 36 38 41 43 44 45 46 47 48 49 50 51 54 56 57 59 60 62 64 66 67 69 70 71 72 73 74 75 79 81 83 84 86 89 91 92 93 94 95 98 99 100 101 102 103 104 105 106 107 109 113 116 118 119 120 122 128 131 132 133 134 135 136 137 138 139 140 141 144 145 146 149 151 152 153 154 155 157 158 161 162 163 165 166 167 168 169 175 176 180 181 182 183 184 186 189 191 192 193 194 195
38 104 136 21 182 183 187
128 1 137 12 13 141 145 147 148 22 26 27 31 33 164 37 167 169 42 175 48 51 183 56 57 58 60 61 62 63 67 71 74 76 77 190 83 84 186 91 92 93 95 97 99 101 17 106 39 108 110 111 114 116 117
2 3 6 7 8 9 10 17 18 19 20 25 26 27 29 31 32 34 37 38 40 44 47 49 51 55 57 58 59 62 64 66 67 71 76 77 78 79 83 84 86 87 90 91 92 93 94 95 96 99 100 104 107 108 109 111 117 118 119 124 127 129 131 134 135 136 138 139 141 144 146 149 150 152 154 158 159 163 164 166 174 177 178 179 181 182 185 186 187 190 191 194 195 196 197 198
0 2 135 136 9 139 12 13 142 18 147 185 24 155 156 158 35 36 37 166 40 169 174 176 8 178 179 52 53 183 180 58 59 61 190 63 64 193 66 195 69 199 75 81 83 87 90 91 92 95 187 100 101 104 105 106 108 99 62 120 121 191 124
34 28 139 148 116 92 31
160 162 35 138 157 116 151 15 170
171 134 7 8 138 140 14 173 145 20 151 26 28 197 34 41 43 45 174 48 179 183 62 63 68 69 71 74 77 79 135 101 108 109 112 125 126
56 194 171 157 151
80 139 36 73 183 143 48 86 151 152 196 26 27 156 185
0 2 4 8 11 12 14 16 18 147 149 150 151 154 156 31 32 161 163 37 38 167 40 42 171 173 48 51 180 182 56 58 59 62 66 67 196 198 199 72 73 80 83 86 89 95 96 102 103 107 110 112 117 121 21
4 136 11 12 143 144 145 146 155 29 31 160 36 168 178 53 55 64 195 70 71 79 89 112
3 4 5 7 9 13 14 15 18 24 26 27 28 29 30 32 33 34 35 39 40 42 43 47 49 50 52 53 57 58 60 61 62 63 71 72 76 77 79 80 83 85 86 87 88 90 93 94 96 99 100 102 105 106 108 111 115 124 126 127 129 132 133 134 137 138 139 143 144 145 146 147 151 152 158 159 162 163 167 168 169 174 176 177 180 185 186 187 189 190 193 194 195 198
130 3 22 6 136 9 12 141 161 195 20 150 151 137 153 26 27 156 29 158 33 162 155 164 134 39 41 170 154 174 180 30 182 183 56 57 59 188 189 62 198 67 69 70 199 76 79 81 82 84 88 92 165 97 98 105 61 113 114 125
129 130 134 7 9 139 140 141 17 146 149 150 25 155 28 157 159 32 162 27 165 166 39 156 42 135 175 49 55 184 185 186 59 60 189 64 193 67 68 197 72 79 84 90 91 93 98 102 145 188 110 112 117 126 127
1 67 163 4 6 135 9 170 167 175 120 18 83 139 184 185 28 61 148
0 3 4 5 8 10 11 12 13 14 15 17 18 19 22 23 24 25 27 31 32 33 36 37 39 40 41 42 43 45 46 47 48 49 50 51 52 53 55 56 57 59 61 65 66 67 68 70 71 74 76 78 79 82 85 86 87 88 90 94 95 97 98 100 101 102 103 104 105 106 111 112 114 115 119 120 121 123 124 127 128 129 130 131 132 133 134 135 136 137 139 140 141 144 146 148 149 150 153 154 155 156 157 158 161 162 163 164 165 166 167 168 169 174 175 176 177 178 186 187 188 189 192 193 194 195 196 197 198
2 3 4 5 6 7 9 11 12 15 16 20 21 24 26 28 29 30 31 32 36 37 38 40 43 44 45 46 47 49 50 51 53 54 55 56 61 62 63 65 66 69 70 73 74 75 76 77 78 79 80 81 83 84 86 87 88 89 90 92 93 94 95 97 98 100 101 103 104 105 106 107 109 110 111 112 113 114 115 119 120 121 122 127 128 129 130 131 132 133 136 137 140 141 144 145 149 155 156 157 159 161 162 165 167 170 171 173 175 177 180 181 184 189 190 191 194 197 198
134 135 8 17 20 21 150 24 157 30 173 48 177 50 181 67 196 82 103 112 119 121 122 126
0 1 6 10 12 14 15 16 18 20 21 25 30 31 32 34 36 39 41 42 49 50 52 56 58 60 61 63 65 68 72 73 75 76 80 81 82 83 84 87 88 91 93 96 98 99 100 102 106 108 109 113 115 117 119 121 123 124 127 128 129 132 136 138 140 141 142 143 148 150 151 155 156 163 165 167 168 170 171 173 174 175 179 184 186 188 191 197
33 66 3 198 97 137 11 29 145 83 52 183 27 157
160 130 197 172 76 77 46 79 48 116 41 120 84 9 30
131 134 8 138 18 21 25 156 157 159 161 164 168 41 42 44 48 189 62 194 199 76 87 88 36 99 33 104 108 110 114 115 117 127
0 1 2 3 7 9 11 12 15 16 17 19 21 22 24 25 27 28 29 30 31 32 34 35 36 37 40 43 45 47 50 51 52 53 56 57 58 61 64 67 69 71 72 73 74 75 77 79 81 82 83 85 86 89 90 91 94 95 96 98 101 102 103 104 105 106 110 112 113 114 116 118 119 120 121 122 125 126 128 129 130 131 133 135 136 137 138 141 142 143 144 145 146 149 151 152 153 158 160 162 167 172 174 175 177 180 183 184 185 187 188 189 192 193 194 197 199
96 129 196 198 73 74 142 111 144 177 114 46 183 123 93 95
4 6 8 9 10 11 12 13 14 15 18 20 21 22 23 24 25 26 27 30 31 34 36 38 41 44 45 46 50 51 52 53 57 58 60 61 62 72 74 81 84 85 87 88 89 90 92 93 95 96 98 105 106 108 111 113 115 117 118 120 121 122 126 127 128 129 130 131 134 138 139 142 147 148 150 151 152 153 155 156 159 163 166 167 168 170 173 174 176 178 179 181 183 186 188 191 192 193 199
133 134 137 138 11 13 142 150 154 164 38 168 41 185 58 59 194 66 86 90 91 94 113 115 125
0 2 9 10 11 13 16 17 19 20 24 27 28 31 32 33 35 38 40 43 46 48 50 51 52 55 56 57 58 61 62 64 65 66 68 69 72 74 76 77 79 81 82 84 85 86 87 88 90 94 97 98 99 101 102 107 110 111 116 117 118 119 120 121 122 126 131 133 134 138 139 140 141 143 145 146 151 153 155 157 160 162 166 168 172 174 178 181 182 183 184 191 192 194 196 199
4 5 6 10 16 17 18 22 24 25 26 27 30 31 33 34 35 38 40 41 42 45 47 48 49 50 52 53 54 57 58 59 60 62 65 66 67 70 71 72 73 75 82 83 85 86 90 91 93 95 97 98 99 100 101 102 103 106 107 109 111 113 114 120 122 125 127 128 130 132 133 136 137 139 141 142 144 145 148 149 150 154 155 159 161 164 168 169 170 171 172 174 175 177 178 181 182 183 184 188 189 192 197
0 1 149 129 8 9 138 87 12 142 15 16 19 20 21 22 24 26 158 33 34 163 38 171 174 125 176 189 50 51 52 53 183 58 10 63 64 65 67 196 69 71 73 76 80 14 121 7 89 199 96 97 192 144 109 111 112 113 140 117 118 148 122 191 106 127
0 1 4 5 7 9 10 12 15 16 17 18 21 24 28 30 31 33 34 35 38 39 41 42 45 47 51 53 56 57 58 61 62 64 66 67 68 70 71 76 78 79 82 83 85 86 87 89 90 91 94 95 101 104 106 111 112 114 116 117 119 120 123 124 126 127 129 131 132 133 136 137 140 141 142 143 144 147 150 151 152 153 154 155 157 158 159 162 163 166 169 170 171 172 174 175 176 177 179 180 186 187 189 190 191 193 194 195 196 197 198 199
128 129 43 4 133 134 135 8 9 23 13 142 143 144 152 147 148 21 151 24 153 155 5 157 197 32 161 35 64 198 166 39 168 41 171 172 173 174 175 49 50 51 52 53 54 184 59 188 61 62 192 160 66 67 69 70 71 177 74 75 78 79 85 164 91 92 199 95 96 17 100 38 103 106 109 110 112 19 25 117 119 120 123 125 126
1 2 3 4 6 7 8 9 11 12 14 19 20 21 22 24 26 27 30 31 32 33 34 37 38 39 40 41 42 44 45 46 49 52 57 62 63 66 67 68 69 71 72 74 76 77 83 85 87 88 90 92 93 94 95 97 98 100 101 104 105 106 109 110 111 113 115 118 119 120 121 122 123 126 127 128 130 134 135 138 139 140 141 143 145 146 148 149 151 153 154 155 156 158 159 160 162 163 164 165 167 168 170 171 175 177 178 181 182 187 188 190 192 194 195 196 198
2 3 6 135 13 14 173 152 146 147 20 149 22 25 24 153 26 156 158 32 33 36 37 49 168 169 42 172 45 46 177 178 179 54 55 56 57 59 188 63 160 66 67 197 70 71 72 79 92 99 84 142 87 89 90 143 130 93 95 50 121 102 103 105 106 109 125 113 116 118 119 120 148 123 170 85 195
130 43 4 135 8 9 138 141 143 16 145 18 147 20 149 22 25 154 27 28 90 160 34 163 36 37 39 40 169 193 171 172 173 48 136 50 182 183 57 58 187 60 10 62 65 67 196 199 73 74 75 76 162 78 84 85 87 71 15 32 107 109 112 115 116 118 119 122 124
0 1 2 3 5 7 8 9 12 14 15 16 19 21 23 24 25 27 32 33 37 39 41 46 49 52 53 54 55 56 57 59 60 61 62 63 67 68 69 70 71 72 73 74 75 79 81 82 83 84 85 86 87 88 91 93 94 95 97 98 101 102 104 105 107 109 113 114 118 120 121 123 124 125 127 128 129 131 132 133 134 137 139 140 142 143 145 146 147 148 149 150 151 153 155 156 158 160 161 162 163 164 165 166 169 172 173 174 176 178 180 181 183 184 185 186 188 191 193 194 195 196 198
0 150 134 7 9 12 13 144 22 25 26 47 156 29 32 162 35 164 37 39 40 175 49 52 54 57 63 192 194 72 76 88 90 98 100 102 104 111 117 119 124
5 134 8 138 11 140 141 14 16 24 19 148 152 153 26 157 159 32 33 34 36 37 168 41 45 174 175 136 50 179 180 54 183 56 31 189 62 191 195 73 76 78 82 86 89 90 165 96 187 100 102 17 104 106 109 111 40 114 123 124 126 127
128 1 132 171 4 133 129 136 10 11 140 130 145 131 20 22 153 27 28 29 158 159 160 165 168 41 43 45 174 47 8 178 179 52 53 138 56 187 60 61 190 63 65 195 68 54 72 73 75 76 135 78 80 81 156 87 7 90 91 92 93 94 99 100 103 105 108 115 121 124
128 68 138 141 142 144 19 149 152 153 27 31 32 36 38 41 170 43 49 52 57 185 187 60 191 67 196 76 79 80 84 87 92 99 114 118 121 122 123 42 126
1 131 179 129 136 137 139 109 175 173 16 146 3 152 153 27 28 157 69 159 160 162 164 166 167 41 42 44 45 47 177 50 172 52 57 58 187 60 189 62 63 32 197 73 75 79 80 81 156 85 86 186 89 90 93 97 98 100 38 103 29 18 110 114 115 117 119 120 121 124 126
1 2 132 5 7 138 147 21 25 179 26 159 48 34 165 43 173 176 51 180 182 186 63 64 65 75 77 81 86 91 94 37 96 99 104 107 109 113 114 115 125 126
4 5 6 7 8 10 12 13 16 17 20 23 26 28 31 33 34 36 37 38 41 46 49 51 53 54 58 59 60 61 62 63 65 67 71 73 74 75 77 78 79 82 83 84 88 89 92 94 96 99 100 103 105 106 107 108 109 113 116 119 120 121 122 123 125 126 127 129 130 131 132 136 140 141 145 146 148 149 150 152 153 157 158 159 160 161 162 164 165 168 169 170 172 174 177 179 181 186 187 190 191 192 194 196 197 199
2 133 135 138 151 140 15 16 18 147 23 196 26 29 5 48 38 41 171 46 176 51 56 186 159 63 67 68 69 73 85 89 143 94 144 98 102 109 110 120
1 2 6 7 13 142 16 17 20 149 24 26 156 29 30 160 167 43 46 157 48 52 183 184 180 186 194 67 55 56 82 99 100 102 104 107 108 109 115 117 120 123 125
1 187 36 38 166 135 41 144 59 35 53 54 55 57 33 159 158 95
0 1 2 3 5 7 8 12 13 16 18 19 20 21 22 23 24 25 27 29 30 31 35 36 37 40 41 42 44 45 46 49 52 55 56 57 58 60 62 65 67 69 70 71 73 75 76 77 78 80 83 84 85 86 87 88 91 92 94 95 96 97 98 102 103 106 108 109 110 111 112 113 115 116 117 119 120 124 126 127 128 130 132 133 135 137 138 140 141 142 144 145 146 147 148 150 153 155 156 157 160 161 163 165 166 168 174 178 180 182 183 184 185 186 191 192 193 194 196 197 198 199
0 1 4 9 14 18 19 20 24 27 29 31 32 33 37 38 39 43 46 47 49 51 52 54 62 64 68 69 70 71 72 73 74 76 80 81 82 84 86 88 89 90 91 92 93 94 96 97 99 100 102 104 105 106 109 110 111 112 114 115 116 117 126 130 132 136 137 141 142 144 145 148 149 150 152 153 154 155 156 157 158 159 160 163 165 166 167 168 169 171 172 174 175 177 178 180 183 188 189 190 191 193 197 198
129 2 3 65 139 12 13 144 145 146 20 174 150 151 152 25 175 28 29 158 159 32 161 35 165 40 172 46 47 49 52 183 185 58 59 61 190 63 193 194 67 196 69 73 74 76 79 11 82 87 88 89 91 94 37 98 101 102 17 104 105 103 109 110 112 114 121 123 124 125 126
0 1 2 4 5 6 7 8 10 12 13 14 15 16 17 18 19 20 21 23 26 28 29 30 31 33 34 36 38 41 42 43 44 46 47 48 50 51 52 54 55 56 60 63 65 67 70 71 72 76 77 78 80 82 84 85 88 91 92 93 94 95 96 98 99 102 103 104 105 108 109 110 111 116 117 118 119 124 126 129 130 131 132 133 135 138 139 140 145 146 147 148 149 151 153 154 159 162 163 164 165 170 171 174 175 176 178 179 180 182 185 186 187 190 191 193 197 198 199
130 133 134 135 9 138 141 14 143 145 146 19 148 22 23 24 153 26 155 156 29 30 160 33 162 27 36 165 166 169 172 46 50 180 54 55 184 186 187 60 61 63 192 193 199 73 74 77 28 79 80 81 83 88 90 91 58 94 95 97 59 32 101 102 107 110 114 119 121 122 124 127
2 171 132 133 140 142 15 145 67 25 160 161 35 166 40 42 43 45 52 61 64 194 195 68 197 198 12 76 78 79 81 84 88 91 93 95 97 105 107 108 115 116
128 1 3 5 6 136 137 66 15 144 147 22 23 24 28 29 162 163 164 156 172 174 47 176 177 50 180 181 54 56 58 59 188 61 63 193 194 72 73 74 75 76 79 81 141 84 169 93 94 98 102 108 110 189 116 41 121 127
128 1 130 131 5 134 10 2 14 16 43 148 22 27 28 157 32 161 163 38 168 156 42 171 44 173 46 176 49 50 180 181 54 185 186 60 190 160 195 196 197 72 73 82 84 92 95 97 98 99 100 178 107 112 113 116 118 119 120 122 123 126
97 194 155 166 168 169 43 12 45 114 115 187 188 158
67 7 9 103 77 174 145 123 150 169 71 191 63
128 129 2 133 9 30 12 13 142 143 146 20 150 151 152 154 155 28 29 158 161 34 163 37 40 41 42 44 46 47 176 177 51 180 53 184 185 58 59 60 61 190 191 64 193 66 67 197 70 71 72 73 74 83 77 35 84 87 88 90 94 97 187 33 105 18 111 157 140 115 116 121 124 126 127
11 165 105 43 173 46 189 49 118 87 121 58 157 190
128 192 2 134 135 136 9 138 140 175 143 16 17 147 149 153 154 155 156 157 32 163 164 165 166 167 40 41 44 173 174 29 27 50 51 53 186 187 60 61 64 65 198 72 73 74 119 45 78 79 82 35 84 85 87 88 36 90 92 94 100 103 104 105 106 127 108 109 117 118 169 160 122 10 125 21
0 1 3 4 6 7 8 11 12 13 14 15 17 21 23 25 28 32 34 36 38 40 42 43 47 48 49 50 54 56 58 59 69 71 72 74 75 76 77 78 79 81 82 85 87 89 90 91 93 95 96 97 98 99 100 103 107 111 113 114 115 118 119 120 121 122 125 126 127 129 132 133 134 136 144 145 146 148 149 150 151 152 153 154 155 157 159 162 166 167 171 173 174 176 178 179 183 186 188 189 190 192 193 198
52 157 134
1 2 3 6 7 9 10 11 13 15 16 18 19 21 22 25 26 28 30 31 35 39 40 42 43 47 48 49 50 52 55 58 61 63 64 68 70 73 74 76 78 82 85 88 89 91 95 99 100 104 107 108 109 110 113 114 115 119 127 128 129 130 131 132 134 135 136 137 139 141 144 145 146 148 149 152 154 158 164 165 166 168 169 172 173 174 175 178 179 180 181 182 183 185 188 190 191 195 197
177 164 81
168 19 95
0 129 4 5 68 136 128 140 143 17 146 149 22 152 153 26 155 157 159 160 33 163 36 38 169 170 171 174 47 176 50 52 183 185 186 60 189 66 196 198 74 35 92 98 102 105 106 110 117 118 121 122 126
1 3 9 10 12 14 15 16 17 20 21 23 24 25 26 27 28 30 31 35 36 37 41 42 44 45 52 53 56 58 59 60 63 64 65 66 69 71 72 73 75 77 78 79 80 81 82 83 84 88 89 90 91 93 95 100 102 104 106 107 110 111 113 115 118 119 120 121 122 123 124 125 126 128 129 130 131 133 134 136 140 141 142 147 148 149 151 152 154 156 157 158 159 160 161 164 166 167 168 172 173 174 175 176 178 179 180 181 182 183 185 186 187 188 190 191 192 193 196
128 131 132 135 136 172 138 11 13 17 21 25 27 28 158 31 33 163 36 40 42 7 44 49 181 61 190 67 73 77 80 82 83 86 94 95 170 125
0 2 3 5 6 135 8 139 141 142 16 17 146 67 171 22 23 152 154 155 28 158 160 162 35 164 37 167 168 170 71 48 50 179 52 181 55 57 58 59 60 189 134 63 194 11 68 70 199 72 73 76 34 79 163 85 87 88 89 90 91 97 98 99 100 101 103 105 144 107 108 111 113 114 115 116 117 118 126 21
1 2 3 4 5 7 8 10 13 14 16 17 19 20 21 23 24 27 31 34 35 36 37 38 39 40 41 42 45 47 48 50 51 54 56 57 58 59 60 63 64 65 66 67 68 69 71 73 74 75 77 78 79 80 81 83 86 87 89 92 94 95 97 99 100 101 102 104 106 107 111 113 114 115 116 117 119 120 122 123 124 125 127 128 129 130 131 132 133 137 138 139 140 141 142 144 145 147 149 150 153 155 156 159 160 163 164 165 166 169 170 171 174 176 180 181 183 184 185 187 190 191 192 193 197 198
0 2 4 5 134 8 11 141 145 147 22 23 153 150 34 164 37 166 49 41 170 44 173 46 175 177 179 181 58 59 61 190 191 64 68 69 73 75 76 85 36 90 92 96 100 38 106 110 189 62 120 121 124
0 2 3 4 5 7 9 10 11 13 14 15 18 19 22 23 24 25 26 27 28 30 32 33 34 35 38 40 44 46 47 49 50 51 52 54 59 64 66 67 68 69 75 76 79 80 82 83 85 86 87 88 90 91 93 94 95 97 99 100 101 103 104 107 109 111 113 114 117 119 121 122 123 127 128 129 132 135 137 138 139 142 144 146 147 148 149 152 153 154 155 156 160 161 163 166 167 169 172 175 176 179 183 184 185 186 188 189 190 191 192 193 199
68 130 115 4 179 135 8 137 138 132 142 143 16 145 18 195 17 150 151 24 153 155 157 30 159 32 161 163 164 70 166 167 41 170 7 172 173 174 49 51 180 53 54 55 56 57 60 189 67 196 197 198 75 79 85 185 88 36 90 15 94 102 103 107 146 111 112 113 114 19 120 42
128 2 131 4 139 14 173 145 18 147 150 23 26 31 162 37 167 40 45 53 54 55 184 188 190 193 66 71 72 73 76 84 86 89 90 96 98 99 17 106 115 117 119 120 122 123
128 1 3 132 133 7 9 10 139 13 142 143 144 17 67 150 137 26 157 30 159 32 161 34 163 164 165 168 42 43 172 45 46 175 178 179 182 55 184 57 186 31 60 138 62 64 193 194 195 69 33 72 73 78 80 83 84 87 91 92 93 94 96 99 100 102 54 107 29 109 189 114 115 116 118 121 122 170
51 131 4 7 8 9 10 151 140 13 142 143 145 148 22 153 152 25 26 155 28 31 32 33 34 164 37 167 156 42 43 44 173 174 47 50 179 53 182 183 23 185 58 59 188 189 62 181 64 160 194 70 71 12 75 162 79 92 82 83 14 86 36 15 135 159 199 96 98 101 102 103 106 110 111 113 114 116 117 120 191 124 170 126 127
5 140 146 154 155 30 35 39 40 171 44 46 47 51 52 185 58 190 63 68 57 97 99 109 115 62 120 126
0 1 2 3 4 6 7 8 9 11 13 14 16 21 22 23 24 25 27 28 29 30 31 33 36 37 38 39 40 41 43 44 49 50 51 52 53 55 56 58 59 60 61 63 64 65 66 67 68 69 71 72 73 74 75 76 77 78 79 80 81 82 83 87 89 91 94 95 96 97 99 100 102 104 105 106 107 108 109 110 111 113 114 116 118 124 126 127 128 129 130 131 133 138 141 144 145 148 149 150 151 153 154 156 158 160 161 162 163 164 165 166 167 169 171 172 173 176 179 182 183 184 186 187 188 189 190 191 193 194 195 196 197 199
128 131 132 22 135 8 137 10 139 142 173 16 17 19 21 150 23 152 153 26 175 28 154 5 161 34 164 37 38 39 40 145 199 44 45 174 29 176 177 50 181 182 184 159 60 63 64 65 68 54 198 71 72 75 76 77 78 79 83 84 87 88 90 93 95 96 97 136 102 103 105 144 107 109 112 114 116 122 125
128 129 131 4 133 1 10 11 140 141 14 15 155 17 146 3 20 21 150 25 154 27 29 160 33 162 35 36 37 166 167 41 171 44 173 142 47 176 50 180 53 182 56 185 58 187 60 189 63 181 66 139 70 199 72 73 175 138 77 79 163 84 85 87 88 89 90 91 93 165 99 102 145 161 107 108 111 157 113 19 148 122 123 124 195
27 123
1 131 151 14 148 23 152 25 156 30 32 166 41 170 43 172 46 48 181 183 187 188 190 193 194 67 199 74 62 78 83 84 94 95 97 98 99 101 38 105 106 109 112 113 115 117 118 55 123 126
0 1 2 3 5 6 7 8 9 11 13 14 15 17 20 21 23 24 26 27 29 30 31 32 34 35 37 40 41 44 46 48 49 50 53 54 56 58 59 60 61 63 64 65 66 67 68 69 70 75 76 77 78 80 81 82 83 84 86 87 90 91 92 93 94 96 98 99 100 101 103 105 106 107 109 110 112 118 120 121 122 124 126 128 129 130 131 135 137 138 139 142 143 144 146 150 153 155 156 157 160 161 162 165 168 170 174 175 177 178 182 184 185 188 189 191 192 193 194 195 198 199
0 192 2 131 133 7 136 137 11 12 14 147 20 149 150 70 153 26 28 157 164 165 168 41 43 44 173 174 175 48 49 178 180 181 182 55 58 187 60 62 63 64 65 194 139 198 199 72 74 75 76 98 80 82 99 89 91 186 46 95 67 59 100 101 102 105 107 109 40 113 115 118 120 121 122 21
0 1 2 4 6 7 8 10 11 12 13 14 15 16 19 20 21 25 26 27 28 30 31 34 37 39 41 51 52 59 60 64 66 67 71 75 82 83 84 86 88 89 93 95 99 100 101 102 103 104 109 114 115 116 117 118 122 124 127 130 132 133 134 138 142 145 146 148 149 152 153 159 160 161 164 168 169 170 171 173 174 175 176 179 180 181 184 189 194
6 138 14 17 149 153 25 48 35 165 41 172 47 176 177 51 53 56 10 65 194 70 73 80 85 91 94 104 111 125
1 2 3 4 5 6 7 13 14 15 16 17 20 21 22 23 24 25 29 31 32 34 35 38 39 41 44 45 46 48 50 51 52 57 58 59 61 63 65 68 70 73 74 75 76 79 83 84 93 94 95 96 98 101 103 106 110 112 115 118 121 122 124 126 127 129 131 133 134 135 136 137 138 140 143 144 145 146 147 149 150 151 154 157 159 160 163 165 167 168 169 171 172 178 179 181 185 189 190 191 192 194 195 199
0 1 3 6 7 8 11 13 15 16 18 19 20 22 24 25 27 28 29 31 33 38 40 44 45 48 51 52 55 59 60 61 62 64 65 66 69 72 76 79 81 87 88 91 95 96 98 99 101 104 105 109 111 112 114 116 122 124 125 126 127 129 130 131 132 133 134 136 137 138 140 142 147 148 149 151 152 154 155 156 158 159 160 161 162 164 165 167 168 169 172 174 175 177 180 183 185 186 188 189 190 191 193 194 195 196 197 198 199
0 130 5 65 10 139 14 16 146 20 150 23 24 153 26 155 28 157 31 160 48 180 164 165 166 167 168 171 50 46 27 178 52 56 185 163 187 188 190 193 66 67 196 70 199 77 79 83 84 85 86 36 94 37 96 97 100 101 103 106 107 113 115 122 38 127
0 4 7 8 16 19 23 25 26 27 28 29 32 33 35 36 42 43 45 46 47 48 50 51 53 55 58 59 60 64 66 68 69 74 76 77 78 79 81 84 88 91 95 97 98 99 100 101 103 104 105 107 108 111 112 115 117 118 119 121 123 124 126 127 128 129 130 134 136 137 139 140 143 150 151 152 153 154 156 160 161 164 165 166 170 172 174 175 181 183 184 185 186 188 190 191 192 193 194 198 199
2 3 5 8 14 16 18 19 21 25 32 34 35 36 40 41 42 43 44 49 50 52 54 55 63 65 67 69 70 74 75 76 78 79 81 82 83 84 86 88 90 94 95 98 99 101 102 103 104 105 107 109 111 113 115 116 117 118 120 125 127 129 132 133 136 137 138 139 140 143 144 145 146 150 151 152 153 155 158 162 163 165 167 174 178 180 182 183 184 185 186 188 190 193 195 196 198

2 9 10 11 14 15 145 147 21 22 151 68 154 32 45 48 179 64 196 74 90 107 112 120 121 127
5 6 7 9 10 11 12 16 20 23 24 26 27 28 29 32 35 37 39 40 45 46 47 48 49 50 51 52 53 54 55 56 59 65 67 68 70 74 75 77 78 80 82 83 84 85 86 87 88 90 92 95 96 97 101 102 103 105 107 111 112 113 114 117 119 120 121 124 125 126 127 128 129 131 132 133 134 135 137 138 140 141 142 146 148 149 150 151 153 157 158 159 160 162 164 165 166 170 171 172 173 176 177 179 181 182 184 185 186 187 188 191 192 195 196 197 198 199
0 1 3 6 7 8 9 14 17 21 27 29 31 33 34 35 38 39 40 42 45 47 49 50 51 52 53 54 58 59 60 62 63 64 67 72 74 75 79 81 84 85 87 89 92 93 94 95 96 98 103 104 106 108 109 110 114 115 118 120 121 124 125 126 127 128 129 130 133 134 136 137 138 140 143 145 150 151 152 154 155 157 158 161 167 171 172 173 175 177 178 179 180 181 182 185 187 188 190 194 198 199
1 3 4 5 6 9 12 14 15 17 18 19 21 22 24 29 34 35 36 37 38 39 41 43 44 45 46 47 48 50 52 54 58 60 62 64 65 67 68 70 71 74 78 79 82 88 89 91 93 94 95 96 98 99 101 103 107 108 109 113 114 116 117 118 119 121 123 125 126 127 128 135 137 138 139 142 143 144 145 148 150 151 152 153 155 156 158 159 160 161 162 163 171 174 176 177 181 182 184 186 187 189 197 198 199
128 129 2 131 22 135 8 139 130 142 145 26 147 148 21 150 23 153 154 28 157 31 32 34 35 168 170 171 48 136 180 182 55 184 58 59 64 65 66 11 68 69 198 199 75 78 80 90 92 94 95 96 97 99 195 105 109 114 115 117 121 127 124 126 3
0 7 8 11 13 14 15 18 19 21 25 28 29 32 35 36 38 49 51 54 55 56 57 59 63 64 66 71 73 74 75 79 80 81 85 87 91 92 93 94 95 98 101 102 103 105 106 109 110 111 115 117 118 120 123 124 126 128 129 131 133 134 135 138 141 143 145 152 153 156 159 160 161 164 167 168 170 172 173 177 180 181 187 188 190 192
1 132 5 134 7 12 141 143 144 147 21 30 160 37 167 169 170 182 184 186 189 190 192 193 66 199 73 80 83 89 91 92 99 102 19 62
3 4 6 7 8 13 14 15 16 19 20 21 22 23 24 27 28 31 32 33 34 36 38 39 40 43 46 47 48 49 50 51 53 57 58 59 61 62 63 64 66 69 71 72 73 74 75 77 79 82 87 91 92 93 95 96 97 99 104 105 108 109 110 111 112 115 116 117 119 121 122 123 124 127 128 132 133 136 137 139 140 143 144 145 147 149 150 151 154 155 157 160 161 162 163 164 166 167 168 169 171 173 174 175 177 179 182 183 184 189 190 192 196
1 130 5 6 193 8 138 11 140 13 142 173 16 18 147 148 21 73 152 153 27 157 31 133 161 34 163 36 37 38 167 170 197 159 45 174 93 176 177 50 51 180 54 55 185 186 187 60 189 62 63 64 65 66 75 68 49 198 71 12 183 78 141 82 83 91 92 58 94 182 144 98 100 103 190 105 107 110 116 117 175 123 125 126
1 130 5 134 65 11 141 15 16 17 146 149 25 26 157 31 161 34 163 164 37 166 40 41 44 46 48 178 51 180 182 183 184 52 159 190 193 66 54 129 76 78 79 80 87 88 89 91 93 94 165 96 98 100 145 105 106 108 109 174 115 123 21
0 1 3 4 5 8 9 10 11 13 16 18 20 21 25 26 30 31 32 33 34 36 40 42 44 45 48 49 50 51 52 54 55 57 58 59 62 63 65 66 68 71 72 75 77 78 80 81 82 83 84 85 86 87 88 89 90 91 95 97 98 100 101 104 105 106 107 108 110 111 112 114 116 118 120 123 125 126 127 128 134 135 136 137 139 141 142 147 148 149 150 151 152 154 155 156 159 160 161 162 163 166 167 169 170 171 172 173 175 176 177 178 180 182 184 188 189 190 191 192 193 194 199
129 3 132 5 6 1 137 138 15 144 145 18 153 28 33 164 38 40 46 178 179 181 184 185 10 63 64 68 69 70 74 56 85 86 36 90 101 104 107 109 112 124 126 127
1 130 139 13 142 16 18 56 24 162 36 168 41 170 49 52 53 182 184 185 60 189 191 193 194 69 81 82 88 91 95 101 103 104 107 61 113 116 121
128 2 4 133 7 136 137 14 145 146 148 21 150 152 27 31 161 34 39 42 135 174 175 177 52 55 180 186 62 63 193 195 70 74 183 86 88 96 98 99 102 107 18 112 118 121
0 2 4 5 6 7 8 9 10 12 13 15 16 17 18 20 22 23 25 28 29 31 36 37 38 43 44 45 48 51 52 55 56 58 59 60 62 63 64 71 73 74 79 80 82 83 84 86 87 88 89 90 91 92 94 95 96 97 100 101 102 103 105 106 108 110 111 112 113 114 115 116 118 119 122 123 124 125 126 128 130 136 137 139 141 142 143 144 145 146 147 148 150 151 153 154 155 156 157 159 162 163 165 166 167 169 170 172 173 174 175 177 178 180 182 183 185 186 188 189 190 191 192 193 194 195 197
2 4 5 11 13 14 16 17 18 21 22 23 26 27 32 33 34 37 43 44 47 48 49 51 52 54 58 60 62 63 64 65 66 69 74 75 76 77 78 79 80 82 84 86 88 89 98 100 103 106 107 108 112 115 116 118 122 126 129 131 133 135 136 138 139 140 141 142 143 147 148 150 152 154 155 156 157 158 159 163 164 165 166 167 168 172 174 175 176 180 183 187 188 189 190 192 193 194 195 197 198
149 1 131 7 136 10 151 12 15 144 17 20 21 23 25 154 155 28 157 158 32 35 34 27 165 166 39 129 169 43 44 70 46 47 51 180 54 55 184 163 59 188 138 62 64 193 66 69 198 140 78 79 82 83 87 143 96 98 99 101 102 106 107 116 120 123 127
0 1 130 133 134 129 136 137 10 11 14 144 17 18 147 149 153 47 29 158 5 161 162 163 36 37 166 42 45 46 157 48 8 50 51 55 57 58 189 64 66 67 68 69 70 75 76 77 79 80 81 86 87 89 90 91 97 101 105 106 108 113 119 120
3 4 6 8 13 14 15 19 20 21 22 24 26 27 28 29 30 31 32 37 38 39 41 42 43 45 47 48 49 51 52 55 56 57 59 61 62 66 68 70 71 72 73 77 78 79 80 81 82 84 86 87 88 90 91 92 93 95 96 98 99 100 101 105 106 107 108 109 110 112 113 114 115 116 117 118 119 120 121 122 126 127 128 129 132 133 134 135 137 139 141 142 143 144 146 147 148 149 150 151 152 155 156 158 161 162 165 166 167 168 171 173 175 177 178 179 180 183 185 186 187 189 190 191 192 194 195 196 197 198
166 74 175 112 49 87 26
0 1 2 131 132 22 6 193 8 138 139 13 66 142 144 18 195 20 150 25 153 26 27 31 32 34 35 164 165 166 39 40 42 7 172 173 46 175 177 178 128 53 54 56 187 190 63 65 194 67 68 197 70 74 162 78 79 184 82 121 89 90 94 181 97 102 103 104 107 108 146 110 179 114 19 116 118 119 120 148 122 123 124 125 127
128 2 4 133 6 8 10 140 130 142 17 18 19 46 150 151 152 132 26 27 28 29 158 69 34 70 166 39 40 169 42 43 172 174 157 177 178 53 54 183 56 59 188 189 66 67 197 198 199 74 75 78 79 81 82 85 86 195 25 37 95 96 97 98 136 100 101 102 108 109 112 114 116 153 122 123 165 125 126 127
0 1 2 132 150 6 136 137 10 87 13 144 17 146 147 148 22 151 24 26 128 133 160 33 34 35 164 37 166 39 170 171 44 45 46 47 48 8 178 51 180 53 54 183 56 52 60 190 192 66 195 198 199 55 162 77 80 81 75 83 85 121 62 94 165 96 98 38 102 145 107 111 117 120 20 127
0 1 2 3 4 7 8 10 11 12 15 18 20 21 24 25 26 27 28 29 30 31 33 34 35 37 39 40 43 45 46 47 51 52 55 57 58 62 63 64 65 66 67 69 71 73 74 76 78 79 80 81 82 83 84 85 88 90 92 95 96 99 102 103 105 107 108 109 113 114 115 116 118 119 121 123 128 130 132 134 135 136 139 141 144 146 150 152 154 156 157 160 164 165 166 167 168 169 170 171 172 173 177 178 179 181 182 184 188 190 194 195 196 199
129 2 43 133 135 136 137 138 142 15 17 146 20 21 22 151 26 155 28 158 31 95 176 34 70 39 41 170 71 173 174 175 48 49 30 54 55 184 59 60 63 194 67 197 198 199 77 81 82 83 84 86 87 7 92 165 96 187 100 104 105 109 112 113 115 116 149
129 2 5 134 1 8 9 138 139 12 143 145 18 20 149 151 156 157 160 162 35 36 37 166 40 42 43 45 29 178 52 182 183 56 57 58 187 189 64 65 67 69 198 199 72 140 74 75 89 90 91 96 98 10 105 109 110 111 168 114 122 123 124
3 4 5 9 10 13 14 16 17 18 19 21 22 23 26 28 29 36 37 38 39 44 46 53 54 55 57 58 60 62 63 68 69 72 73 74 75 76 77 80 81 86 88 89 94 95 96 100 101 103 104 105 115 116 118 121 122 124 126 128 131 134 136 137 139 140 142 143 145 147 148 151 153 154 156 159 160 161 164 165 168 169 170 171 174 176 177 179 181 183 184 185 187 188 189 190 191 192 196 198 199
129 130 4 135 139 12 16 17 20 21 150 151 153 156 29 32 35 36 163 167 50 176 178 179 53 182 184 186 65 196 197 80 83 164 93 144 102 105 107 108 109 112 148 149
140 149 25 154 155 29 161 162 37 38 42 175 50 182 59 192 75 77 84 93 95 166 120 127
96 82
0 3 4 6 7 9 12 14 17 18 19 21 22 23 26 27 31 32 33 34 37 38 40 42 43 44 47 49 51 52 54 58 60 62 65 66 67 70 72 73 74 76 77 79 80 84 86 87 89 90 91 92 95 98 103 104 108 110 111 114 115 116 118 119 121 123 124 125 126 128 129 130 131 133 134 135 139 140 141 143 144 145 147 149 150 151 152 153 156 158 160 161 163 167 169 171 175 180 181 182 183 184 185 187 188 191 192 194 195 196 197 199
0 1 2 3 4 7 8 9 10 11 15 16 17 18 20 22 23 24 25 26 27 28 29 30 32 33 35 38 40 41 42 44 45 46 49 50 51 52 53 57 58 61 62 64 65 68 69 70 71 73 74 75 76 77 78 79 81 84 88 91 92 93 94 98 100 101 102 103 104 105 108 110 112 113 114 115 117 121 122 123 124 126 131 132 134 136 137 138 139 141 143 144 148 149 150 151 152 153 154 155 156 157 158 159 161 166 167 168 170 172 174 175 177 178 179 181 182 184 185 186 190 191 192 193 195 196 197 198 199
149 97 98 187 71 73 108 50 14 15 146 181 56 191 159
40 29 86 87
1 130 3 179 7 14 148 153 29 158 163 37 169 170 171 44 51 52 54 55 184 185 60 61 63 193 194 67 197 71 74 85 86 89 93 165 96 99 101 110 112 116 118 121 191 125 127
0 1 4 5 7 8 9 11 15 18 19 21 22 23 26 28 29 30 31 32 33 35 36 37 38 39 40 41 42 45 46 49 52 53 56 58 59 61 62 63 64 65 66 67 70 71 75 77 80 81 85 86 88 90 91 94 95 96 97 98 99 100 101 106 107 108 109 110 112 113 115 117 120 121 122 123 124 125 130 133 134 135 136 137 139 140 142 143 146 148 150 151 153 154 156 160 161 164 165 167 168 173 176 177 179 182 184 187 189 190 192 194 196 197 199
1 4 134 7 196 153 155 157 159 34 113 40 41 175 178 180 182 55 56 57 187 61 68 197 76 184 83 85 89 99 100 105 168 120 121 125
34 36 6 135 106 173 174 17 53 54 57 100 60 29
0 2 4 5 8 10 14 15 16 18 19 20 22 23 24 25 26 27 28 30 32 33 35 36 37 38 39 42 46 48 49 50 51 52 54 55 57 61 63 68 70 71 72 73 75 77 80 83 86 88 90 91 92 93 95 97 98 101 103 104 111 112 115 116 117 121 123 124 126 128 129 130 131 132 134 135 137 139 140 142 143 144 146 148 153 154 156 157 159 163 164 165 166 167 171 173 176 177 178 179 180 184 186 187 190 192 195 197 198 199
1 3 5 9 10 11 12 13 14 15 17 19 20 21 22 24 26 27 28 33 35 36 39 40 41 42 44 47 48 49 52 53 55 58 59 60 61 62 63 65 66 68 69 72 74 76 77 78 79 83 85 87 90 91 92 93 94 97 98 99 101 103 104 106 107 108 109 110 112 113 115 116 118 121 122 124 125 126 127 128 129 130 131 135 136 137 139 140 142 144 146 148 149 154 155 158 160 161 163 166 171 172 173 175 178 179 181 182 183 184 188 191 192 193 195 196 197 198
0 3 4 6 9 11 12 14 15 17 18 19 20 21 23 24 25 26 28 31 32 33 34 35 36 37 39 40 43 46 47 52 54 58 60 65 69 70 72 77 78 79 80 82 84 86 90 91 92 93 94 95 96 99 100 103 105 106 108 110 111 112 114 115 116 117 118 121 122 123 124 127 128 129 132 133 134 135 136 137 139 141 142 145 147 151 153 155 158 161 162 163 168 169 171 173 175 176 177 179 180 181 184 185 186 189 190 191 192 193 195 196 197 198 199
129 2 171 132 133 137 10 11 12 130 144 147 150 23 154 155 5 157 158 31 32 164 37 167 169 42 43 44 46 47 177 50 179 180 181 55 59 188 61 19 65 66 67 68 69 70 71 74 75 77 78 22 84 87 90 92 93 94 165 96 98 100 60 107 109 110 115 116 119 170
130 132 6 135 8 139 12 141 15 16 17 18 151 24 153 154 155 156 30 159 162 37 38 170 45 175 49 51 181 54 56 57 186 70 75 173 84 90 94 98 109 114 117 118 23 120 125 4 127
128 3 7 137 10 11 13 142 144 147 20 23 153 28 163 171 52 58 187 192 193 194 197 70 199 76 82 35 86 59 100 106 110 19 116 117 120 124
0 1 2 3 5 6 8 10 12 14 15 16 20 21 23 25 27 28 29 30 31 35 37 38 40 41 42 43 44 45 50 53 55 56 60 61 62 63 64 69 70 72 73 74 75 78 79 80 82 84 85 87 90 91 93 94 96 99 100 103 104 107 108 109 111 112 116 119 120 121 122 123 126 127 131 132 134 136 140 141 144 146 150 153 154 155 156 158 160 163 167 168 169 172 173 177 178 180 181 183 184 185 186 190 192 193 195 198 199
3 7 8 11 13 14 16 17 19 21 23 24 25 29 30 31 34 35 36 37 39 40 41 42 44 46 47 48 49 51 52 55 56 57 59 61 64 69 70 72 73 75 76 79 81 82 84 86 89 90 93 96 98 99 100 104 105 106 107 109 110 111 114 115 116 118 119 124 125 128 131 132 139 140 141 142 143 144 145 146 148 151 152 153 155 157 161 162 166 167 168 169 171 173 174 175 176 178 182 186 187 189 192 193 194 196 197 198
2 131 6 7 138 139 130 16 17 18 147 20 22 24 27 156 157 159 33 155 36 166 167 40 169 170 171 172 45 48 49 179 52 181 183 186 188 62 63 64 196 69 199 76 78 79 81 82 58 84 87 93 94 60 108 146 110 111 115 120 121 191 124 125
4 5 134 8 11 12 15 144 146 195 148 21 27 28 161 162 169 176 173 48 49 54 55 184 187 60 189 62 64 194 67 199 77 80 56 85 87 143 92 96 97 110 115 121 126
5 6 9 13 15 16 17 19 22 23 26 29 31 34 35 37 39 40 41 43 44 45 46 50 51 53 55 56 59 60 63 65 68 70 72 73 74 77 78 79 81 82 84 85 88 89 90 91 94 97 102 104 105 106 108 109 110 117 118 119 120 121 122 123 124 125 126 127 129 130 132 134 135 136 138 139 142 143 144 146 147 148 149 152 153 155 158 159 165 167 168 169 170 171 173 174 175 177 179 180 182 183 185 187 189 190 193 194 195 196 197 199
128 131 132 179 6 135 8 144 67 21 151 4 52 133 161 164 39 40 169 170 159 174 49 178 51 180 54 183 184 185 59 192 194 195 68 97 78 120 83 85 89 94 95 16 187 103 114 115 116 153 123 149
192 2 132 5 134 9 140 17 23 26 27 156 29 31 33 6 166 112 174 175 176 189 180 53 183 184 185 60 61 190 64 193 70 28 82 89 91 92 37 109 111 157 115 118 120 124 125
128 57 130 3 4 133 137 138 11 140 141 143 16 17 146 67 149 150 132 27 29 31 161 197 165 166 167 168 42 44 46 175 179 53 59 9 184 185 159 60 62 193 139 69 198 82 84 87 89 90 15 92 93 94 99 145 104 106 113 115 190 118 121 122 123 126
3 4 6 7 8 9 10 12 13 14 15 17 20 21 26 29 32 33 36 38 40 41 42 43 44 45 46 49 50 52 53 54 55 58 59 61 62 63 65 66 68 69 70 72 73 74 75 77 78 79 81 82 83 85 86 88 92 94 96 97 98 99 101 103 107 109 110 111 112 114 116 117 118 119 124 126 127 128 129 130 131 133 137 138 139 140 141 143 146 147 148 150 152 156 158 159 160 164 165 166 168 170 171 174 175 176 183 184 185 186 188 190 191 194 195 196
2 4 5 6 7 8 10 11 12 17 28 29 31 34 37 39 40 41 44 45 47 50 52 55 56 59 61 63 67 68 69 70 76 77 78 81 83 84 87 88 89 91 92 93 94 96 97 101 102 104 105 107 108 109 112 113 114 115 117 123 129 130 131 133 139 140 141 143 144 145 146 151 154 155 156 163 164 167 169 170 173 174 175 178 180 182 185 188 189 190 197
128 129 130 3 133 134 7 136 10 66 14 16 148 22 23 24 27 159 160 162 35 36 165 31 169 173 174 175 178 51 1 185 58 59 188 189 191 193 194 68 199 72 74 79 81 82 91 92 37 96 98 187 101 102 113 117 121 126
0 5 6 7 11 13 14 15 17 20 24 26 28 29 31 32 36 38 39 40 43 44 45 48 50 51 52 53 54 58 60 63 65 66 70 75 76 77 78 81 82 86 90 91 92 93 95 97 99 100 102 104 105 106 107 115 116 117 118 119 121 123 124 125 126 131 132 134 135 136 143 145 146 147 148 149 151 154 155 160 161 162 163 166 167 170 173 175 176 177 178 183 185 188 189 190 193 194 197 198 199
0 3 5 6 7 9 10 12 15 21 22 24 25 26 29 32 34 37 38 40 41 43 44 46 47 49 50 54 55 56 57 58 59 60 61 62 63 64 65 66 68 69 70 71 76 78 79 80 81 83 84 85 93 96 97 98 101 102 103 104 105 106 107 108 109 110 111 112 113 114 115 120 121 122 123 124 125 127 129 130 133 134 135 136 138 140 141 142 143 144 145 146 147 148 149 150 151 155 157 159 160 162 163 164 168 169 170 172 173 177 179 182 183 184 186 189 190 193 194 195 197 199
1 2 7 9 12 14 16 17 20 22 25 27 29 30 31 32 34 35 36 38 41 42 43 45 46 48 49 51 55 56 57 58 60 61 65 68 69 70 71 77 78 79 80 81 83 86 87 88 90 93 97 98 99 100 101 103 104 105 106 107 109 110 112 113 114 115 116 117 119 120 121 122 123 125 126 127 128 129 130 132 133 134 135 137 140 142 143 144 145 148 149 150 151 152 153 154 155 156 157 159 160 161 165 167 168 169 170 171 172 174 175 176 178 179 182 183 184 185 187 188 189 194 195 196 197
133 134 142 16 146 26 30 5 32 162 46 47 185 187 190 63 194 198 72 75 77 82 84 106 109 112 122
128 1 130 107 132 6 136 9 10 11 140 13 142 144 19 21 25 153 157 30 159 32 33 163 134 38 39 42 43 172 173 29 176 50 51 158 182 58 95 188 192 62 53 64 193 68 72 80 81 84 85 88 94 37 96 16 187 101 178 104 106 167 110 115 120 122 123 125
128 2 4 6 9 138 130 16 145 19 151 26 27 159 32 70 167 171 174 47 178 180 183 56 62 198 76 78 87 98 124 125
128 141 150 23 159 162 37 40 41 60 193 66 195 72 76 89 95 102 107 109 116 117
0 1 2 133 7 9 14 15 144 17 19 25 26 27 154 159 160 35 36 163 38 169 44 50 29 178 180 181 54 60 189 66 196 71 77 79 82 83 89 93 37 100 166 103 112 114 147 119 123 126
0 3 6 20 22 23 24 27 32 33 40 45 48 49 50 51 52 53 56 59 61 63 65 68 69 70 71 74 75 76 79 80 82 83 84 85 88 90 92 96 98 100 102 104 110 112 114 115 118 119 121 123 124 125 126 129 133 135 141 142 144 152 153 154 157 160 162 163 164 168 170 171 174 175 177 178 179 181 182 183 186 187 189 192 198 199
37 168 41 174 72 82 85
0 1 4 7 8 9 10 14 17 24 25 26 28 32 33 34 35 38 41 42 43 45 48 49 52 57 58 59 62 64 66 69 71 73 75 76 77 78 80 81 83 85 90 91 92 93 94 96 97 98 99 101 104 107 111 113 116 117 124 125 127 129 131 132 133 134 142 144 145 146 151 154 159 160 161 162 163 164 166 171 172 173 175 176 181 182 187 188 191 192 194 196 198
0 2 5 6 8 10 11 12 14 15 16 17 18 22 27 30 34 35 36 37 38 39 41 42 43 47 50 51 52 53 58 61 63 64 68 69 74 78 81 87 88 89 90 94 95 96 97 98 100 101 103 106 108 109 111 112 113 115 116 117 118 119 120 125 126 129 130 132 133 135 136 138 139 141 144 146 147 149 152 153 157 160 161 164 168 169 170 171 172 174 175 176 179 180 181 183 184 185 186 187 189 190 191 194 196 197 199
1 131 132 133 134 65 10 140 141 142 143 34 18 19 20 68 157 32 162 167 41 71 45 47 177 51 180 182 183 56 186 188 190 64 193 196 198 199 72 55 76 77 80 135 96 107 108 109 113 147 116 117 39 122 125 126
1 7 11 12 13 14 15 17 19 21 22 26 27 33 34 35 38 39 41 42 45 46 47 48 50 54 56 57 60 61 62 63 64 66 67 69 70 71 75 76 80 81 82 83 85 88 89 92 93 96 98 99 100 104 107 110 114 115 116 119 120 123 127 128 130 133 134 136 139 140 142 144 145 146 149 150 156 157 158 159 160 162 163 164 165 166 170 171 172 173 176 179 181 184 186 191 192 194 196 197 198
2 34 36 139 66 143
0 3 5 7 9 12 13 16 17 18 23 26 28 30 31 32 35 36 37 39 40 41 42 43 44 45 46 47 48 49 50 51 53 54 55 58 64 66 67 69 70 71 73 74 77 78 82 85 90 92 97 100 104 106 107 109 111 113 114 118 119 120 121 127 130 132 133 135 136 138 140 142 143 144 145 147 148 149 152 154 155 157 158 160 162 166 170 175 176 177 181 182 184 185 186 188 191 192 193 194 197 198
0 2 4 5 7 8 9 11 13 16 20 22 23 24 26 29 30 31 33 39 40 41 42 43 44 46 47 54 55 59 60 62 63 66 67 69 70 73 74 75 80 81 83 85 89 91 94 95 97 98 99 104 107 108 110 112 116 118 119 121 126 127 128 129 132 134 135 138 140 141 142 143 146 148 151 152 153 154 156 157 158 159 166 167 168 169 170 172 174 176 178 179 181 182 183 185 186 190 195 196 197 199
1 4 7 9 10 11 12 13 14 15 18 20 22 23 24 26 29 31 33 36 37 41 42 45 46 47 49 50 51 53 55 57 59 62 63 65 69 70 72 75 76 77 81 83 84 87 88 89 90 91 92 95 97 98 102 103 106 109 110 111 112 115 116 118 121 122 123 124 127 128 131 132 133 135 136 137 139 142 143 144 146 147 148 149 155 158 159 160 161 162 163 164 165 167 168 169 174 177 182 187 188 191 193 194 195 199
1 2 4 5 6 7 8 12 15 16 17 18 20 21 22 23 24 28 32 33 38 43 47 48 51 52 54 55 57 58 59 60 62 63 65 66 68 70 73 75 77 81 83 84 85 86 90 92 102 103 104 105 107 108 109 110 111 113 114 116 117 118 122 123 128 129 130 131 133 134 139 141 142 144 145 149 150 151 152 155 156 157 158 159 160 165 167 170 171 172 173 174 177 179 180 182 183 186 188 190 195 196 197 199
129 139 143 144 147 149 152 153 154 27 158 159 32 48 163 167 40 169 171 172 176 180 186 187 189 191 64 193 67 73 74 76 77 80 82 87 98 99 105 107 61 118 124 125 126 127
0 2 3 5 7 8 11 12 14 16 17 20 21 25 27 30 31 32 33 34 39 40 43 44 45 46 52 53 54 58 60 62 64 65 66 73 77 78 79 83 87 88 89 90 91 92 93 95 98 99 100 102 104 105 107 108 109 110 111 112 115 117 119 120 123 125 126 135 138 140 141 142 143 144 145 147 148 149 150 152 156 157 158 159 162 163 164 165 167 169 174 175 176 178 179 180 181 182 183 184 185 186 187 188 189 193 197 198
0 2 3 4 6 7 8 9 10 13 16 18 21 24 28 29 30 32 33 35 38 43 44 46 47 49 50 51 52 53 58 59 60 61 63 66 68 69 70 72 74 75 76 80 82 83 91 93 95 97 98 99 103 104 105 107 109 111 112 113 117 119 121 126 127 128 129 131 132 133 134 136 137 138 141 144 145 147 148 149 150 151 152 153 155 156 159 161 162 164 167 168 170 173 175 176 178 179 181 182 183 185 187 188 190 191 192 195 196 199
0 1 3 4 5 6 7 8 13 14 15 16 19 20 23 24 29 30 31 32 36 38 39 40 41 42 43 48 49 50 52 55 57 59 60 61 63 64 65 68 70 73 74 76 77 84 85 86 88 90 91 94 96 97 98 99 100 101 102 103 104 105 106 110 111 112 114 115 120 121 122 123 124 125 127 129 130 131 135 136 137 139 141 143 145 146 147 150 153 155 156 157 158 159 162 164 166 167 168 171 172 174 175 177 179 180 181 182 183 184 185 186 187 190 192 193 194 195 196 197 198
2 5 8 9 10 13 17 18 19 20 23 24 25 28 29 30 33 35 38 39 40 44 45 46 50 51 56 57 59 60 61 62 64 67 68 69 71 72 73 75 77 78 81 83 85 86 87 91 92 94 97 98 99 100 102 105 106 108 110 112 115 116 119 121 122 123 125 131 132 134 135 136 141 143 144 145 146 147 148 152 157 158 159 162 165 168 170 173 176 178 180 181 182 183 184 185 186 189 190 192 193 194 195 199
1 2 3 5 7 8 9 12 14 15 17 18 19 21 22 23 24 28 29 31 35 36 40 41 42 43 44 45 46 48 51 56 58 61 63 64 66 68 69 70 73 76 78 79 81 84 85 86 87 89 90 91 93 94 95 96 97 98 102 103 105 107 111 113 114 116 117 118 120 121 122 126 127 132 133 135 136 140 141 142 143 144 145 146 148 149 150 153 154 156 164 167 168 169 172 174 175 177 178 179 180 181 182 183 184 188 189 190 191 192 194 195 196 197 198
161 21
0 131 20 7 23 12 141 14 143 16 29 147 148 151 154 47 157 30 31 133 161 35 37 167 168 41 170 43 44 178 175 176 49 50 51 180 53 54 184 60 61 62 193 67 197 71 72 73 74 76 80 81 82 142 86 87 90 135 94 182 3 97 33 102 103 105 107 108 109 113 19 116 117 121 123 42 165
1 4 5 6 9 10 11 12 13 14 15 17 19 20 21 22 24 26 27 29 30 31 34 35 37 39 40 43 44 46 47 48 51 52 53 55 56 57 59 60 61 62 66 68 69 70 71 73 74 76 77 78 79 83 84 85 86 87 95 96 97 99 102 104 108 109 111 115 117 118 119 122 124 128 131 132 133 134 135 137 142 143 144 146 148 149 153 154 155 156 158 159 160 161 163 167 170 171 173 174 175 176 177 179 180 181 182 184 185 186 187 188 189 190 191 192 193 195 196 198 199
3 4 133 6 8 138 11 12 13 14 18 147 21 150 24 154 156 29 30 52 176 162 163 134 168 41 172 175 48 49 180 181 55 185 187 62 191 196 33 73 28 80 81 84 142 57 89 90 91 93 95 96 97 165 103 104 108 113 169 127
130 3 5 134 7 8 9 10 139 13 14 17 146 148 22 25 27 35 40 41 43 45 53 183 60 61 63 64 67 196 69 72 73 76 78 79 81 82 85 135 93 95 96 98 104 188 106 111 112 116 121 124 126
96 1 194 69 149 135 199 173 13 145 178 179 116 94 22 151 159 60 157 158 191
129 130 3 4 135 11 144 17 18 26 156 154 31 160 35 28 42 46 178 53 54 58 189 67 196 198 75 81 82 94 96 145 104 110 114 121 123 126
1 2 3 5 9 11 12 13 14 15 17 18 21 22 23 26 27 29 31 32 34 35 36 38 42 44 47 49 52 53 54 58 60 61 62 64 65 66 67 74 79 82 83 84 85 87 90 92 93 95 96 97 99 100 101 103 104 105 107 108 113 114 116 118 119 120 123 125 126 128 133 134 135 138 140 143 144 146 147 148 149 150 152 154 159 162 164 165 170 171 172 174 175 177 178 180 181 182 185 186 187 190 191 192 193 194 196 198
0 2 4 155 6 136 9 139 14 145 146 19 20 149 150 24 26 27 28 30 5 32 33 162 163 166 49 169 42 171 45 47 177 51 52 55 56 57 59 61 191 192 67 198 161 72 74 76 77 81 156 86 90 93 199 95 99 100 38 195 105 107 18 110 114 120 122 125 126
0 1 3 4 5 6 8 11 14 15 16 17 18 20 21 22 24 27 28 29 31 32 34 36 38 40 41 42 43 50 52 53 55 56 58 59 60 61 62 64 65 66 68 69 71 72 74 75 77 78 80 81 83 86 87 91 92 93 94 96 97 107 111 112 114 115 117 118 123 128 132 135 138 139 141 142 146 147 148 152 153 156 157 159 163 165 166 168 171 173 174 175 176 178 183 185 186 187 188 192 193 195 196
129 131 133 193 141 15 144 145 146 67 148 22 152 153 155 28 29 158 5 33 34 37 40 41 170 44 46 175 176 177 30 54 185 31 60 190 63 192 65 194 195 68 181 72 73 77 78 156 83 86 92 94 95 96 101 17 105 106 108 109 110 111 168 169 120 121
1 10 139 13 15 144 146 23 24 155 157 32 162 163 39 171 44 46 175 49 181 182 55 57 61 64 198 199 75 84 88 94 95 98 112 126
0 1 3 4 5 6 8 9 10 11 12 14 16 18 20 22 23 25 26 27 28 30 32 33 34 38 39 40 41 43 44 45 46 48 50 52 53 54 55 57 58 59 61 62 64 65 68 69 71 72 75 76 77 78 79 80 81 82 83 84 85 86 87 88 89 90 94 95 96 98 99 100 102 107 110 111 116 117 118 121 122 123 124 125 126 127 132 133 136 139 140 141 142 146 150 151 152 153 155 156 158 161 162 163 164 167 169 170 173 174 179 183 184 186 188 190 193 194 195 197 198 199
1 2 3 8 9 10 11 14 15 17 18 24 25 27 29 31 32 33 35 38 39 40 41 42 43 44 48 51 52 55 56 58 60 62 63 65 66 68 72 73 75 77 78 80 81 82 85 88 89 90 92 93 95 99 104 105 107 108 109 111 112 113 115 118 119 121 122 123 124 125 126 127 129 130 131 133 136 138 141 147 148 149 150 153 155 156 157 158 160 162 163 164 170 173 175 177 178 179 184 185 186 187 190 191 194 195 196
1 2 3 4 5 8 9 14 15 16 17 18 19 20 21 22 23 24 25 28 31 34 35 37 38 39 44 45 47 50 52 53 54 55 57 58 59 64 66 67 75 77 79 80 82 83 84 85 86 87 88 94 95 96 98 99 101 103 104 108 112 114 115 116 118 120 122 125 126 129 132 134 135 136 137 144 145 149 150 152 153 155 156 158 159 162 163 165 169 172 173 174 176 177 178 180 183 184 187 188 189 190 191 192 193 196 199
133 6 9 138 146 147 68 33 134 39 168 169 51 56 196 70 79 90 100 103 112 113 114 115 123
0 5 6 8 9 10 17 18 20 21 22 23 26 28 31 32 33 36 37 38 40 42 45 46 47 48 49 50 51 53 54 57 58 59 60 61 63 65 66 69 71 72 74 76 78 81 82 84 85 86 87 88 90 91 92 93 95 97 98 100 101 102 103 104 105 107 108 111 114 115 116 118 121 124 125 127 133 135 136 138 140 141 143 145 146 147 151 153 155 156 161 162 165 168 170 173 176 178 182 184 185 186 187 189 191 192 193 194 195 196 197 198 199
129 3 4 133 139 12 141 143 145 147 149 26 155 5 157 30 31 34 163 166 168 41 171 44 46 177 50 53 55 56 57 58 59 60 61 181 192 66 68 69 199 75 162 78 79 80 87 89 98 13 189 114 115 118 120 123 125
128 129 149 135 192 49 53 155 191
1 4 5 6 7 8 11 14 16 17 18 23 25 26 28 31 32 33 34 37 39 42 43 46 47 51 56 57 59 60 61 62 64 65 67 68 70 71 74 75 76 79 81 83 84 86 87 88 89 90 94 96 97 98 100 103 104 105 106 107 108 109 110 114 116 117 118 120 121 122 123 124 125 126 127 129 133 137 138 141 142 144 146 148 149 150 151 152 153 155 159 160 163 165 166 167 169 172 174 178 181 184 185 187 189 193 194 195
